0	0
1	0
2	0
3	0
4	0
5	0
6	0
7	0
8	0
9	0
10	0
11	0
12	0
13	0
14	0
15	0
16	0
17	0
18	0
19	0
20	0
21	0
22	0
23	0
24	0
25	0
26	0
27	0
28	0
29	0
30	0
31	0
32	0
33	0
34	3
35	1
36	4
37	27
38	62
39	80
40	146
41	152
42	160
43	147
44	167
45	140
46	159
47	154
48	169
49	187
50	199
51	226
52	254
53	259
54	257
55	268
56	232
57	265
58	241
59	226
60	225
61	200
62	176
63	195
64	169
65	165
66	132
67	147
68	139
69	140
70	145
71	158
72	150
73	144
74	148
75	170
76	166
77	175
78	165
79	188
80	179
81	162
82	157
83	166
84	146
85	151
86	144
87	147
88	162
89	153
90	157
91	167
92	163
93	180
94	174
95	191
96	162
97	175
98	162
99	186
100	198
101	218
102	190
103	194
104	208
105	199
106	191
107	191
108	189
109	204
110	175
111	216
112	203
113	210
114	181
115	190
116	204
117	211
118	212
119	191
120	193
121	222
122	221
123	224
124	211
125	224
126	189
127	251
128	239
129	209
130	216
131	251
132	274
133	247
134	246
135	268
136	242
137	246
138	230
139	235
140	250
141	211
142	247
143	239
144	217
145	244
146	229
147	235
148	242
149	233
150	247
151	218
152	257
153	277
154	231
155	211
156	229
157	242
158	250
159	243
160	221
161	229
162	242
163	267
164	190
165	232
166	230
167	226
168	224
169	230
170	254
171	208
172	227
173	231
174	212
175	237
176	232
177	243
178	221
179	225
180	223
181	226
182	228
183	208
184	213
185	199
186	211
187	216
188	224
189	244
190	215
191	199
192	221
193	213
194	226
195	216
196	218
197	202
198	197
199	206
200	232
201	185
202	201
203	194
204	211
205	230
206	175
207	191
208	192
209	195
210	198
211	195
212	192
213	188
214	197
215	166
216	212
217	204
218	199
219	176
220	189
221	184
222	193
223	187
224	169
225	176
226	182
227	192
228	185
229	176
230	152
231	168
232	151
233	181
234	169
235	155
236	152
237	148
238	152
239	143
240	145
241	163
242	135
243	144
244	136
245	153
246	146
247	121
248	118
249	111
250	103
251	118
252	93
253	118
254	118
255	117
256	112
257	100
258	112
259	105
260	106
261	103
262	105
263	107
264	91
265	85
266	100
267	76
268	87
269	90
270	85
271	107
272	84
273	101
274	103
275	99
276	81
277	88
278	72
279	70
280	81
281	73
282	88
283	75
284	83
285	70
286	67
287	75
288	68
289	73
290	64
291	79
292	60
293	81
294	68
295	86
296	75
297	69
298	65
299	76
300	82
301	56
302	83
303	80
304	66
305	78
306	67
307	66
308	68
309	75
310	62
311	65
312	68
313	65
314	58
315	58
316	66
317	57
318	69
319	59
320	61
321	63
322	80
323	72
324	60
325	59
326	82
327	76
328	70
329	75
330	73
331	86
332	62
333	105
334	77
335	97
336	87
337	101
338	103
339	144
340	132
341	151
342	150
343	172
344	196
345	227
346	243
347	295
348	277
349	324
350	334
351	379
352	419
353	446
354	456
355	510
356	525
357	623
358	583
359	644
360	643
361	661
362	675
363	724
364	709
365	821
366	752
367	791
368	704
369	752
370	796
371	770
372	738
373	750
374	670
375	726
376	656
377	627
378	659
379	573
380	510
381	510
382	471
383	431
384	385
385	339
386	330
387	255
388	238
389	233
390	190
391	181
392	150
393	120
394	111
395	131
396	99
397	74
398	52
399	53
400	61
401	54
402	38
403	39
404	38
405	43
406	27
407	30
408	40
409	33
410	27
411	31
412	32
413	22
414	38
415	18
416	32
417	40
418	17
419	23
420	22
421	48
422	21
423	33
424	37
425	25
426	26
427	36
428	41
429	41
430	26
431	28
432	34
433	37
434	21
435	26
436	40
437	44
438	29
439	29
440	37
441	38
442	23
443	38
444	29
445	28
446	30
447	27
448	30
449	29
450	29
451	23
452	26
453	17
454	18
455	18
456	33
457	27
458	18
459	20
460	28
461	24
462	23
463	29
464	39
465	28
466	29
467	31
468	29
469	37
470	35
471	27
472	22
473	35
474	23
475	31
476	22
477	24
478	31
479	33
480	25
481	24
482	24
483	37
484	31
485	31
486	34
487	21
488	20
489	25
490	25
491	30
492	24
493	19
494	30
495	26
496	28
497	29
498	27
499	25
500	26
501	31
502	36
503	26
504	25
505	31
506	29
507	32
508	26
509	36
510	22
511	21
512	31
513	28
514	22
515	20
516	24
517	20
518	19
519	23
520	28
521	21
522	25
523	26
524	28
525	15
526	30
527	29
528	22
529	22
530	22
531	28
532	25
533	32
534	16
535	25
536	22
537	25
538	22
539	33
540	34
541	22
542	21
543	32
544	28
545	21
546	22
547	19
548	19
549	22
550	23
551	28
552	33
553	25
554	26
555	20
556	24
557	23
558	23
559	26
560	24
561	28
562	32
563	29
564	33
565	30
566	22
567	23
568	29
569	22
570	18
571	28
572	25
573	24
574	31
575	25
576	23
577	30
578	24
579	31
580	29
581	15
582	24
583	31
584	25
585	32
586	27
587	22
588	24
589	19
590	33
591	19
592	29
593	31
594	20
595	24
596	28
597	26
598	32
599	33
600	24
601	29
602	29
603	23
604	31
605	33
606	28
607	27
608	31
609	21
610	28
611	26
612	35
613	21
614	29
615	30
616	17
617	34
618	24
619	17
620	35
621	34
622	37
623	22
624	23
625	33
626	27
627	28
628	26
629	23
630	23
631	23
632	19
633	29
634	20
635	33
636	38
637	29
638	30
639	34
640	15
641	27
642	20
643	19
644	32
645	24
646	23
647	27
648	29
649	22
650	27
651	30
652	27
653	19
654	30
655	33
656	27
657	37
658	29
659	32
660	33
661	40
662	39
663	33
664	32
665	27
666	28
667	28
668	13
669	34
670	33
671	33
672	34
673	29
674	24
675	30
676	19
677	34
678	30
679	34
680	27
681	29
682	32
683	29
684	23
685	31
686	23
687	33
688	39
689	21
690	32
691	40
692	27
693	30
694	31
695	27
696	38
697	31
698	42
699	29
700	28
701	28
702	34
703	30
704	25
705	34
706	30
707	27
708	23
709	35
710	32
711	26
712	27
713	26
714	31
715	30
716	22
717	29
718	31
719	28
720	13
721	29
722	23
723	24
724	26
725	19
726	18
727	17
728	24
729	22
730	21
731	19
732	12
733	16
734	22
735	22
736	23
737	21
738	20
739	15
740	20
741	13
742	22
743	17
744	18
745	20
746	17
747	19
748	17
749	16
750	15
751	20
752	17
753	20
754	8
755	14
756	13
757	21
758	8
759	17
760	12
761	10
762	16
763	11
764	6
765	10
766	10
767	12
768	13
769	17
770	14
771	7
772	11
773	12
774	10
775	12
776	5
777	7
778	10
779	7
780	6
781	7
782	8
783	9
784	4
785	9
786	11
787	9
788	6
789	9
790	8
791	13
792	8
793	8
794	15
795	5
796	9
797	7
798	14
799	3
800	7
801	8
802	5
803	8
804	8
805	3
806	2
807	15
808	9
809	9
810	5
811	6
812	3
813	5
814	5
815	9
816	7
817	7
818	7
819	7
820	8
821	7
822	6
823	8
824	8
825	10
826	3
827	8
828	12
829	5
830	8
831	5
832	10
833	7
834	7
835	6
836	10
837	10
838	12
839	8
840	11
841	8
842	9
843	14
844	10
845	10
846	18
847	14
848	16
849	13
850	14
851	12
852	20
853	24
854	14
855	25
856	21
857	28
858	36
859	22
860	28
861	26
862	38
863	38
864	32
865	45
866	44
867	54
868	53
869	43
870	59
871	58
872	58
873	61
874	77
875	65
876	83
877	61
878	71
879	74
880	74
881	89
882	71
883	93
884	102
885	86
886	89
887	94
888	108
889	100
890	99
891	92
892	115
893	101
894	106
895	113
896	92
897	119
898	117
899	93
900	97
901	99
902	84
903	89
904	102
905	74
906	68
907	88
908	85
909	78
910	83
911	67
912	76
913	61
914	55
915	64
916	56
917	62
918	39
919	38
920	45
921	34
922	40
923	40
924	40
925	32
926	35
927	34
928	26
929	29
930	24
931	18
932	16
933	25
934	20
935	22
936	13
937	11
938	12
939	9
940	15
941	10
942	7
943	11
944	6
945	5
946	5
947	9
948	9
949	6
950	2
951	1
952	7
953	3
954	4
955	7
956	3
957	4
958	3
959	5
960	4
961	1
962	2
963	4
964	1
965	2
966	3
967	2
968	4
969	2
970	2
971	4
972	4
973	3
974	0
975	2
976	0
977	1
978	3
979	1
980	2
981	4
982	2
983	3
984	2
985	3
986	2
987	1
988	2
989	3
990	6
991	6
992	3
993	3
994	5
995	5
996	0
997	6
998	6
999	1
1000	5
1001	7
1002	3
1003	7
1004	4
1005	3
1006	3
1007	4
1008	2
1009	6
1010	1
1011	3
1012	1
1013	4
1014	6
1015	5
1016	2
1017	0
1018	6
1019	2
1020	0
1021	0
1022	0
1023	0
